    0    1    2    3    4    5    6    7    8    9   ...   90   91   92   93  \
0  0.0  0.0  0.0  0.0  0.0  0.0  0.0  0.0  0.0  0.0  ...  1.0  0.0  0.0  0.0   
1  0.0  0.0  0.0  0.0  0.0  0.0  0.0  0.0  0.0  1.0  ...  0.0  1.0  0.0  0.0   
2  0.0  0.0  0.0  0.0  0.0  1.0  0.0  0.0  1.0  1.0  ...  1.0  1.0  1.0  1.0   
3  0.0  0.0  0.0  0.0  0.0  0.0  0.0  0.0  0.0  1.0  ...  1.0  1.0  1.0  1.0   
4  0.0  0.0  0.0  0.0  0.0  0.0  1.0  0.0  0.0  0.0  ...  0.0  0.0  0.0  0.0   
5  0.0  0.0  0.0  0.0  0.0  0.0  1.0  1.0  1.0  0.0  ...  1.0  1.0  0.0  0.0   
6  0.0  0.0  0.0  0.0  0.0  0.0  0.0  0.0  0.0  1.0  ...  1.0  1.0  1.0  0.0   
7  0.0  0.0  0.0  0.0  0.0  0.0  0.0  1.0  1.0  0.0  ...  1.0  0.0  0.0  0.0   
8  0.0  0.0  0.0  0.0  0.0  1.0  0.0  0.0  1.0  0.0  ...  1.0  0.0  0.0  0.0   
9  0.0  0.0  0.0  0.0  0.0  0.0  0.0  0.0  0.0  0.0  ...  0.0  0.0  0.0  0.0   

    94   95   96   97   98   99  
0  0.0  0.0  0.0  0.0  0.0  1.0  
1  0.0  0.0  0.0  0.0  0.0  1.0  
2  1.0  1.0  0.0  0.0  0.0  1.0  
3  1.0  0.0  0.0  0.0  0.0  1.0  
4  0.0  0.0  0.0  0.0  0.0  1.0  
5  0.0  0.0  0.0  0.0  0.0  1.0  
6  0.0  0.0  0.0  0.0  0.0  1.0  
7  0.0  0.0  0.0  0.0  0.0  1.0  
8  0.0  0.0  0.0  0.0  0.0  1.0  
9  0.0  0.0  0.0  0.0  0.0  1.0  

[10 rows x 100 columns]